43520 367370 1163310 1574200
0.273071
649 12409 123527 136585
0.0375806
3937 46278 243790 294005
0.0724648
97114 189344 1618787 1905245
0.299964
645328 757349 2120753 3523430
0.522992
2132 8451 179247 189830
0.0483979
5863 35528 289654 331045
0.0784944
51430 80640 724480 856550
0.168304
3080 144849 500271 648200
0.136893
0 81 6864 6945
nan
29267 21398 548920 599585
0.122735
74256 198704 828980 1101940
0.21228
7644 43652 370034 421330
0.0948952
68900 207271 950779 1226950
0.227372
22562 184497 693476 900535
0.178475
8232 40446 291627 340305
0.0810175
0 87 9173 9260
nan
142676 356663 1058656 1557995
0.282762
142488 1968136 7052146 9162770
0.785164
183931 275647 1223427 1683005
0.295256
67 24288 130750 155105
0.0424998
0 596 8664 9260
nan
1088 10797 136275 148160
0.0399703
560 2001 159489 162050
0.0413513
473564 66833 2471418 3011815
0.410538
128 753 73199 74080
0.0216178
