175062 594070 1717178 2486310
0.391294
5832 43069 513644 562545
0.116335
62472 102254 786739 951465
0.184104
32499 125625 932241 1090365
0.199229
739986 1428734 3218285 5387005
0.685988
8155 27590 503650 539395
0.111401
32148 78281 868816 979245
0.180813
6580 77370 460075 544025
0.117179
139040 384480 1513680 2037200
0.333663
58 700 66377 67135
0.0198939
27665 69852 1066928 1164445
0.200704
124902 298077 1361886 1784865
0.301338
27336 79580 823714 930630
0.174186
143416 257366 1423438 1824220
0.30418
92136 283586 1240148 1615870
0.27901
20900 100206 846564 967670
0.179896
0 58 4572 4630
nan
109288 417728 1137469 1664485
0.294157
88236 187387 918917 1194540
0.224343
124822 395452 1558596 2078870
0.336659
32882 130233 765200 928315
0.179716
7176 14640 339324 361140
0.0813189
3200 21128 271992 296320
0.0702437
36 408 27336 27780
0.00943838
324 43494 206202 250020
0.063182
2520 1453 287717 291690
0.0660759
