103917 527091 1075147 1706155
0.302643
157257 83890 1863188 2104335
0.312209
182556 223173 1728701 2134430
0.334403
76035 171208 1338532 1585775
0.264368
21816 260640 418989 701445
0.153005
81328 42063 1260979 1384370
0.22843
73370 116024 1287576 1476970
0.246985
33741 148518 949776 1132035
0.206479
5610 93669 282696 381975
0.0916437
4040 1411 462179 467630
0.0950843
7520 65955 796965 870440
0.161341
50776 319060 965919 1335755
0.244715
74151 130063 1400081 1604295
0.261594
12025 160584 579766 752375
0.15482
10742 159434 436354 606530
0.132924
121978 172242 1694365 1988585
0.308988
1794 468 178308 180570
0.0450012
65940 449410 938470 1453820
0.266367
572790 382214 2667971 3622975
0.499379
121435 404807 1360483 1886725
0.318147
6237 78401 352897 437535
0.100283
10406 25112 524712 560230
0.114552
34279 45622 876194 956095
0.174156
0 584 36456 37040
nan
1086 69051 348878 419015
0.0953592
315 3300 239460 243075
0.0572012
