379452 683727 1798161 2861340
0.447142
19095 63418 693012 775525
0.151
21952 142146 743382 907480
0.176265
29250 102774 770826 902850
0.173404
156114 595344 1290372 2041830
0.346689
4450 28492 379128 412070
0.0910449
24388 76364 741908 842660
0.162158
1080 43191 233529 277800
0.0685973
279566 392393 1761106 2433065
0.384548
138 1078 105274 106490
0.0292037
3264 48624 577792 629680
0.126107
94976 425360 1442784 1963120
0.323667
31171 109537 1042257 1182965
0.208111
133996 367583 1730081 2231660
0.349809
242292 323468 1733035 2298795
0.36399
21112 90235 731313 842660
0.163064
13 364 29718 30095
0.0100842
195274 772339 1805757 2773370
0.426939
42640 263194 928061 1233895
0.228346
68376 309589 1048075 1426040
0.256969
110055 192773 1241277 1544105
0.266404
11760 23068 520772 555600
0.113822
7046 44677 575642 627365
0.126163
1596 3325 302974 307895
0.0691104
6177 77304 409614 493095
0.109176
1562 2880 324288 328730
0.0725684
