687952 1328029 3222864 5238845
0.669341
1296 20002 166217 187515
0.0491511
7040 71426 328974 407440
0.0948978
1680 28015 164765 194460
0.0513847
393976 1183284 2191560 3768820
0.541457
192 4680 50688 55560
0.0176279
912 21111 153917 175940
0.0468138
78624 126678 1058688 1263990
0.225874
279366 604086 2318193 3201645
0.461404
22 275 25168 25465
0.00873399
950 17681 201294 219925
0.055193
140499 309012 1168674 1618185
0.286417
7144 47934 380142 435220
0.0974909
30015 155363 613297 798675
0.163899
584784 771127 3496329 4852240
0.607536
14091 65195 455479 534765
0.116051
75 360 34290 34725
0.0114034
250980 526301 1398819 2176100
0.36602
1488 55032 158775 215295
0.0573585
18403 136051 398831 553285
0.124615
220782 318264 2208859 2747905
0.398569
780 6968 112632 120380
0.0334221
7172 24434 345739 377345
0.085375
798 1311 129846 131955
0.0349934
6233 103205 517927 627365
0.131692
58 926 66151 67135
0.0199418
