1964896 4676698 21814386 28455980
1.01018
2007767 5031659 22854169 29893595
0.992584
2004479 4997790 22733906 29736175
0.995214
1911302 4854724 21358909 28124935
1.02755
1363088 4286719 20856943 26506750
0.968653
2006284 5035617 22798449 29840350
0.994554
2002553 5008540 22688042 29699135
0.997053
1956986 4963428 22253216 29173630
1.0064
2005336 4899219 22477425 29381980
1.0003
2008416 5043987 22970832 30023235
0.989014
1979149 5022670 22428776 29430595
1.00455
1934160 4845364 22148716 28928240
1.00339
2000772 5000416 22607662 29608850
0.99937
1939516 4836797 22026917 28803230
1.00755
1985854 4859571 22284220 29129645
1.0037
2000184 5003622 22686069 29689875
0.99674
2008416 5043981 22968523 30020920
0.989095
1865740 4687405 21919040 28472185
0.998841
1865928 3075932 15925550 20867410
1.07106
1824485 4768421 21754269 28347175
1.00399
2008349 5019780 22846946 29875075
0.992434
2008416 5043472 22969032 30020920
0.989058
2007328 5033271 22841421 29882020
0.993054
2007856 5042067 22818207 29868130
0.994238
1534852 4977235 20506278 27018365
1.02485
2008288 5043315 22904497 29956100
0.991306
