1831609 4568751 21143510 27543870
1.01581
2000839 5119752 22347044 29467635
1.01275
1944199 5060567 22073949 29078715
1.01502
1974172 5037196 21928447 28939815
1.02144
1266685 3734087 19642403 24643175
0.967218
1998516 5135231 22357038 29490785
1.01279
1974523 5084540 21991872 29050935
1.02115
2000091 5085451 22400613 29486155
1.00959
1867631 4778341 21347008 27992980
1.02117
2006613 5162121 22794311 29963045
0.999425
1979006 5092969 21793760 28865735
1.02835
1881769 4864744 21498802 28245315
1.02099
1979335 5083241 22036974 29099550
1.02001
1863255 4905455 21437250 28205960
1.02297
1914535 4879235 21620540 28414310
1.02042
1985771 5062615 22014124 29062510
1.02053
2006671 5162763 22856116 30025550
0.997298
1897383 4745093 21723219 28365695
1.01029
1918435 4975434 21941771 28835640
1.01401
1881849 4767369 21302092 27951310
1.02336
1973789 5032588 22095488 29101865
1.01571
1999495 5148181 22521364 29669040
1.00775
2003471 5141693 22588696 29733860
1.00553
2006635 5162413 22833352 30002400
0.998077
2006347 5119327 22654486 29780160
1.00267
2004151 5161368 22572971 29738490
1.00685
