1727227 3606903 22989895 28324025
0.899261
1673887 4050104 22201854 27925845
0.94413
1648588 3910821 22336341 27895750
0.930467
1755109 3962786 22726510 28444405
0.929257
1809328 3873354 23646053 29328735
0.896808
1749816 4091931 22804063 28645810
0.932356
1757774 4017970 22777466 28553210
0.930424
1797403 3985476 23115266 28898145
0.920455
1825534 4040325 23782346 29648205
0.901448
1827104 4132583 23602863 29562550
0.912571
1823624 4068039 23268077 29159740
0.921292
1780368 3814934 23099123 28694425
0.911006
1756993 4003931 22664961 28425885
0.933569
1819119 3973410 23485276 29277805
0.908486
1820402 3974560 23628688 29423650
0.903436
1709166 3961752 22370677 28041595
0.937313
1829350 4133526 23886734 29849610
0.902375
1765204 3684584 23126572 28576360
0.901933
1258354 3751780 21397071 26407205
0.9151
1709709 3729187 22704559 28143455
0.914133
1824907 4055593 23712145 29592645
0.904712
1820738 4108882 23540330 29469950
0.913174
1796865 4088372 23188848 29074085
0.922769
1831144 4133410 24028586 29993140
0.897249
1830058 4064943 23716164 29611165
0.905459
1830829 4130694 23825582 29787105
0.90463
