1507343 4499520 21161977 27168840
0.98281
1867700 5119829 22267126 29254655
1.0043
1864843 5041101 22216756 29122700
1.00281
1857545 5080473 22189312 29127330
1.00458
1730681 4587903 21669766 27988350
0.991048
1882345 5154755 22581010 29618110
0.996157
1862407 5106883 22218230 29187520
1.00501
1885715 5140056 22726609 29752380
0.990881
1607229 4790854 21199032 27597115
1.00318
1886657 5182169 22854864 29923690
0.988039
1883531 5134623 22382346 29400500
1.0023
1791819 4757887 21517354 28067060
1.00838
1855624 5073710 21917881 28847215
1.01318
1752799 4815664 21230057 27798520
1.01638
1644503 4859779 21227103 27731385
1.00848
1865683 5093012 22228825 29187520
1.00442
1886782 5182883 22930420 30000085
0.985431
1691521 4410908 21154381 27256810
0.996285
1844155 4920053 22032077 28796285
1.00257
1818419 4873658 21912063 28604140
1.00249
1776740 4990474 21718861 28486075
1.0097
1875035 5160179 22439366 29474580
1.00058
1879749 5138570 22384496 29402815
1.00205
1885199 5179922 22657164 29722285
0.994697
1880618 5105943 22550524 29537085
0.995258
1885233 5180367 22635850 29701450
0.995451
