2047360 4598721 18145254 24791335
1.11788
2734016 5906748 21201901 29842665
1.13078
2728272 5855324 21039144 29622740
1.1339
2733632 5898735 21203353 29835720
1.13047
2341336 4743466 19176558 26261360
1.12074
2735120 5922070 21317430 29974620
1.12768
2734400 5905639 21214201 29854240
1.13039
2656688 5800072 20309430 28766190
1.14932
2455946 5322664 19049925 26828535
1.15438
2735290 5926475 21342950 30004715
1.12702
2734362 5909069 21166824 29810255
1.13197
2594813 5617738 20199444 28411995
1.14247
2728168 5878816 20987976 29594960
1.13619
2705297 5771387 20754821 29231505
1.13847
2150528 5155623 17871789 25177940
1.15442
2721221 5861555 20912639 29495415
1.13751
2735237 5926390 21333828 29995455
1.1273
2484332 5400449 19969299 27854080
1.13401
2733824 5871718 21209343 29814885
1.12947
2716909 5790699 20969287 29476895
1.13331
2514530 5608486 19159259 27282275
1.16536
2734532 5919782 21255486 29909800
1.12952
2728140 5902316 21022379 29652835
1.13584
2734514 5925439 21238272 29898225
1.13023
2729079 5823545 20850191 29402815
1.13879
2735254 5925824 21301967 29963045
1.12829
